-238.613327, -29.179588, 32.811523
241.452591, -29.179588, 32.811523
-238.613327, -29.179588, -447.254395
241.452591, -29.179588, -447.254395
156.332428, -30.040848, -62.266281
156.332428, 264.401367, -62.266281
161.299301, -30.040848, -61.778343
161.299301, 264.401367, -61.778343
166.075317, -30.040848, -60.333275
166.075317, 264.401367, -60.333275
170.476898, -30.040848, -57.986618
170.476898, 264.401367, -57.986618
174.33493, -30.040848, -54.828545
174.33493, 264.401367, -54.828545
177.501129, -30.040848, -50.980419
177.501129, 264.401367, -50.980419
179.853821, -30.040848, -46.590126
179.853821, 264.401367, -46.590126
181.302612, -30.040848, -41.826382
181.302612, 264.401367, -41.826382
181.791809, -30.040848, -36.872253
181.791809, 264.401367, -36.872253
181.302612, -30.040848, -31.918125
181.302612, 264.401367, -31.918125
179.853821, -30.040848, -27.154379
179.853821, 264.401367, -27.154379
177.501129, -30.040848, -22.764088
177.501129, 264.401367, -22.764088
174.33493, -30.040848, -18.915964
174.33493, 264.401367, -18.915964
170.476898, -30.040848, -15.757891
170.476898, 264.401367, -15.757891
166.075317, -30.040848, -13.411232
166.075317, 264.401367, -13.411232
161.299301, -30.040848, -11.966166
161.299301, 264.401367, -11.966166
156.332428, -30.040848, -11.478226
156.332428, 264.401367, -11.478226
151.365555, -30.040848, -11.966166
151.365555, 264.401367, -11.966166
146.589539, -30.040848, -13.411232
146.589539, 264.401367, -13.411232
142.187958, -30.040848, -15.757891
142.187958, 264.401367, -15.757891
138.329926, -30.040848, -18.915964
138.329926, 264.401367, -18.915964
135.163727, -30.040848, -22.764088
135.163727, 264.401367, -22.764088
132.811035, -30.040848, -27.154379
132.811035, 264.401367, -27.154379
131.362244, -30.040848, -31.918125
131.362244, 264.401367, -31.918125
130.873047, -30.040848, -36.872253
130.873047, 264.401367, -36.872253
131.362244, -30.040848, -41.826382
131.362244, 264.401367, -41.826382
132.811035, -30.040848, -46.590126
132.811035, 264.401367, -46.590126
135.163727, -30.040848, -50.980419
135.163727, 264.401367, -50.980419
138.329926, -30.040848, -54.828545
138.329926, 264.401367, -54.828545
142.187958, -30.040848, -57.986618
142.187958, 264.401367, -57.986618
146.589539, -30.040848, -60.333275
146.589539, 264.401367, -60.333275
151.365555, -30.040848, -61.778343
151.365555, 264.401367, -61.778343
-143.377411, -30.040848, -67.389542
-143.377411, 264.401367, -67.389542
-138.410538, -30.040848, -66.901604
-138.410538, 264.401367, -66.901604
-133.634521, -30.040848, -65.456535
-133.634521, 264.401367, -65.456535
-129.232941, -30.040848, -63.109879
-129.232941, 264.401367, -63.109879
-125.374916, -30.040848, -59.951805
-125.374916, 264.401367, -59.951805
-122.20871, -30.040848, -56.10368
-122.20871, 264.401367, -56.10368
-119.856018, -30.040848, -51.713387
-119.856018, 264.401367, -51.713387
-118.407227, -30.040848, -46.949642
-118.407227, 264.401367, -46.949642
-117.918037, -30.040848, -41.995514
-117.918037, 264.401367, -41.995514
-118.407227, -30.040848, -37.041386
-118.407227, 264.401367, -37.041386
-119.856018, -30.040848, -32.277641
-119.856018, 264.401367, -32.277641
-122.20871, -30.040848, -27.887348
-122.20871, 264.401367, -27.887348
-125.374916, -30.040848, -24.039225
-125.374916, 264.401367, -24.039225
-129.232941, -30.040848, -20.881151
-129.232941, 264.401367, -20.881151
-133.634521, -30.040848, -18.534492
-133.634521, 264.401367, -18.534492
-138.410538, -30.040848, -17.089426
-138.410538, 264.401367, -17.089426
-143.377411, -30.040848, -16.601486
-143.377411, 264.401367, -16.601486
-148.344284, -30.040848, -17.089426
-148.344284, 264.401367, -17.089426
-153.1203, -30.040848, -18.534492
-153.1203, 264.401367, -18.534492
-157.521881, -30.040848, -20.881151
-157.521881, 264.401367, -20.881151
-161.379913, -30.040848, -24.039225
-161.379913, 264.401367, -24.039225
-164.546112, -30.040848, -27.887348
-164.546112, 264.401367, -27.887348
-166.898804, -30.040848, -32.277641
-166.898804, 264.401367, -32.277641
-168.347595, -30.040848, -37.041386
-168.347595, 264.401367, -37.041386
-168.836792, -30.040848, -41.995514
-168.836792, 264.401367, -41.995514
-168.347595, -30.040848, -46.949642
-168.347595, 264.401367, -46.949642
-166.898804, -30.040848, -51.713387
-166.898804, 264.401367, -51.713387
-164.546112, -30.040848, -56.10368
-164.546112, 264.401367, -56.10368
-161.379913, -30.040848, -59.951805
-161.379913, 264.401367, -59.951805
-157.521881, -30.040848, -63.109879
-157.521881, 264.401367, -63.109879
-153.1203, -30.040848, -65.456535
-153.1203, 264.401367, -65.456535
-148.344284, -30.040848, -66.901604
-148.344284, 264.401367, -66.901604
-151.062271, -30.040848, -392.715576
-151.062271, 264.401367, -392.715576
-146.095398, -30.040848, -392.227631
-146.095398, 264.401367, -392.227631
-141.319397, -30.040848, -390.782562
-141.319397, 264.401367, -390.782562
-136.917801, -30.040848, -388.435883
-136.917801, 264.401367, -388.435883
-133.059769, -30.040848, -385.277832
-133.059769, 264.401367, -385.277832
-129.89357, -30.040848, -381.429688
-129.89357, 264.401367, -381.429688
-127.540878, -30.040848, -377.039398
-127.540878, 264.401367, -377.039398
-126.092087, -30.040848, -372.275665
-126.092087, 264.401367, -372.275665
-125.602898, -30.040848, -367.321533
-125.602898, 264.401367, -367.321533
-126.092087, -30.040848, -362.367401
-126.092087, 264.401367, -362.367401
-127.540878, -30.040848, -357.603668
-127.540878, 264.401367, -357.603668
-129.89357, -30.040848, -353.213379
-129.89357, 264.401367, -353.213379
-133.059769, -30.040848, -349.365234
-133.059769, 264.401367, -349.365234
-136.917801, -30.040848, -346.207184
-136.917801, 264.401367, -346.207184
-141.319397, -30.040848, -343.860504
-141.319397, 264.401367, -343.860504
-146.095398, -30.040848, -342.415436
-146.095398, 264.401367, -342.415436
-151.062271, -30.040848, -341.92749
-151.062271, 264.401367, -341.92749
-156.029144, -30.040848, -342.415436
-156.029144, 264.401367, -342.415436
-160.805145, -30.040848, -343.860504
-160.805145, 264.401367, -343.860504
-165.206741, -30.040848, -346.207184
-165.206741, 264.401367, -346.207184
-169.064774, -30.040848, -349.365234
-169.064774, 264.401367, -349.365234
-172.230972, -30.040848, -353.213379
-172.230972, 264.401367, -353.213379
-174.583664, -30.040848, -357.603668
-174.583664, 264.401367, -357.603668
-176.032455, -30.040848, -362.367401
-176.032455, 264.401367, -362.367401
-176.521652, -30.040848, -367.321533
-176.521652, 264.401367, -367.321533
-176.032455, -30.040848, -372.275665
-176.032455, 264.401367, -372.275665
-174.583664, -30.040848, -377.039398
-174.583664, 264.401367, -377.039398
-172.230972, -30.040848, -381.429688
-172.230972, 264.401367, -381.429688
-169.064774, -30.040848, -385.277832
-169.064774, 264.401367, -385.277832
-165.206741, -30.040848, -388.435883
-165.206741, 264.401367, -388.435883
-160.805145, -30.040848, -390.782562
-160.805145, 264.401367, -390.782562
-156.029144, -30.040848, -392.227631
-156.029144, 264.401367, -392.227631
153.770798, -30.040848, -396.557983
153.770798, 264.401367, -396.557983
158.737671, -30.040848, -396.070038
158.737671, 264.401367, -396.070038
163.513672, -30.040848, -394.624969
163.513672, 264.401367, -394.624969
167.915268, -30.040848, -392.27829
167.915268, 264.401367, -392.27829
171.7733, -30.040848, -389.120239
171.7733, 264.401367, -389.120239
174.939499, -30.040848, -385.272095
174.939499, 264.401367, -385.272095
177.292191, -30.040848, -380.881805
177.292191, 264.401367, -380.881805
178.740982, -30.040848, -376.118073
178.740982, 264.401367, -376.118073
179.230179, -30.040848, -371.16394
179.230179, 264.401367, -371.16394
178.740982, -30.040848, -366.209808
178.740982, 264.401367, -366.209808
177.292191, -30.040848, -361.446075
177.292191, 264.401367, -361.446075
174.939499, -30.040848, -357.055786
174.939499, 264.401367, -357.055786
171.7733, -30.040848, -353.207642
171.7733, 264.401367, -353.207642
167.915268, -30.040848, -350.049591
167.915268, 264.401367, -350.049591
163.513672, -30.040848, -347.702911
163.513672, 264.401367, -347.702911
158.737671, -30.040848, -346.257843
158.737671, 264.401367, -346.257843
153.770798, -30.040848, -345.769897
153.770798, 264.401367, -345.769897
148.803925, -30.040848, -346.257843
148.803925, 264.401367, -346.257843
144.027924, -30.040848, -347.702911
144.027924, 264.401367, -347.702911
139.626328, -30.040848, -350.049591
139.626328, 264.401367, -350.049591
135.768295, -30.040848, -353.207642
135.768295, 264.401367, -353.207642
132.602097, -30.040848, -357.055786
132.602097, 264.401367, -357.055786
130.249405, -30.040848, -361.446075
130.249405, 264.401367, -361.446075
128.800613, -30.040848, -366.209808
128.800613, 264.401367, -366.209808
128.311417, -30.040848, -371.16394
128.311417, 264.401367, -371.16394
128.800613, -30.040848, -376.118073
128.800613, 264.401367, -376.118073
130.249405, -30.040848, -380.881805
130.249405, 264.401367, -380.881805
132.602097, -30.040848, -385.272095
132.602097, 264.401367, -385.272095
135.768295, -30.040848, -389.120239
135.768295, 264.401367, -389.120239
139.626328, -30.040848, -392.27829
139.626328, 264.401367, -392.27829
144.027924, -30.040848, -394.624969
144.027924, 264.401367, -394.624969
148.803925, -30.040848, -396.070038
148.803925, 264.401367, -396.070038
2.63509, -30.040848, -237.737411
2.63509, 264.401367, -237.737411
7.601968, -30.040848, -237.249466
7.601968, 264.401367, -237.249466
12.377972, -30.040848, -235.804413
12.377972, 264.401367, -235.804413
16.77956, -30.040848, -233.457748
16.77956, 264.401367, -233.457748
20.637587, -30.040848, -230.299667
20.637587, 264.401367, -230.299667
23.803787, -30.040848, -226.451553
23.803787, 264.401367, -226.451553
26.156485, -30.040848, -222.061264
26.156485, 264.401367, -222.061264
27.60527, -30.040848, -217.297516
27.60527, 264.401367, -217.297516
28.094465, -30.040848, -212.343384
28.094465, 264.401367, -212.343384
27.60527, -30.040848, -207.389252
27.60527, 264.401367, -207.389252
26.156485, -30.040848, -202.625504
26.156485, 264.401367, -202.625504
23.803787, -30.040848, -198.235214
23.803787, 264.401367, -198.235214
20.637587, -30.040848, -194.3871
20.637587, 264.401367, -194.3871
16.77956, -30.040848, -191.229019
16.77956, 264.401367, -191.229019
12.377972, -30.040848, -188.882355
12.377972, 264.401367, -188.882355
7.601968, -30.040848, -187.437302
7.601968, 264.401367, -187.437302
2.63509, -30.040848, -186.949356
2.63509, 264.401367, -186.949356
-2.331788, -30.040848, -187.437302
-2.331788, 264.401367, -187.437302
-7.107792, -30.040848, -188.882355
-7.107792, 264.401367, -188.882355
-11.509381, -30.040848, -191.229019
-11.509381, 264.401367, -191.229019
-15.367407, -30.040848, -194.3871
-15.367407, 264.401367, -194.3871
-18.533607, -30.040848, -198.235214
-18.533607, 264.401367, -198.235214
-20.886305, -30.040848, -202.625504
-20.886305, 264.401367, -202.625504
-22.335091, -30.040848, -207.389252
-22.335091, 264.401367, -207.389252
-22.824286, -30.040848, -212.343384
-22.824286, 264.401367, -212.343384
-22.335091, -30.040848, -217.297516
-22.335091, 264.401367, -217.297516
-20.886305, -30.040848, -222.061264
-20.886305, 264.401367, -222.061264
-18.533607, -30.040848, -226.451553
-18.533607, 264.401367, -226.451553
-15.367407, -30.040848, -230.299667
-15.367407, 264.401367, -230.299667
-11.509381, -30.040848, -233.457748
-11.509381, 264.401367, -233.457748
-7.107792, -30.040848, -235.804413
-7.107792, 264.401367, -235.804413
-2.331788, -30.040848, -237.249466
-2.331788, 264.401367, -237.249466
