1, 2, 0
1, 3, 2
5, 6, 4
7, 8, 6
9, 10, 8
11, 12, 10
13, 14, 12
15, 16, 14
17, 18, 16
19, 20, 18
21, 22, 20
23, 24, 22
25, 26, 24
27, 28, 26
29, 30, 28
31, 32, 30
33, 34, 32
35, 36, 34
37, 38, 36
39, 40, 38
41, 42, 40
43, 44, 42
45, 46, 44
47, 48, 46
49, 50, 48
51, 52, 50
53, 54, 52
55, 56, 54
57, 58, 56
59, 60, 58
61, 62, 60
63, 64, 62
41, 25, 9
65, 66, 64
67, 4, 66
34, 50, 66
5, 7, 6
7, 9, 8
9, 11, 10
11, 13, 12
13, 15, 14
15, 17, 16
17, 19, 18
19, 21, 20
21, 23, 22
23, 25, 24
25, 27, 26
27, 29, 28
29, 31, 30
31, 33, 32
33, 35, 34
35, 37, 36
37, 39, 38
39, 41, 40
41, 43, 42
43, 45, 44
45, 47, 46
47, 49, 48
49, 51, 50
51, 53, 52
53, 55, 54
55, 57, 56
57, 59, 58
59, 61, 60
61, 63, 62
63, 65, 64
9, 7, 5
5, 67, 65
65, 63, 61
61, 59, 57
57, 55, 53
53, 51, 49
49, 47, 45
45, 43, 41
41, 39, 37
37, 35, 33
33, 31, 29
29, 27, 25
25, 23, 21
21, 19, 17
17, 15, 13
13, 11, 9
9, 5, 65
65, 61, 57
57, 53, 49
49, 45, 41
41, 37, 33
33, 29, 25
25, 21, 17
17, 13, 9
9, 65, 57
57, 49, 41
41, 33, 25
25, 17, 9
9, 57, 41
65, 67, 66
67, 5, 4
66, 4, 6
6, 8, 10
10, 12, 14
14, 16, 18
18, 20, 22
22, 24, 26
26, 28, 30
30, 32, 34
34, 36, 38
38, 40, 42
42, 44, 46
46, 48, 50
50, 52, 54
54, 56, 58
58, 60, 62
62, 64, 66
66, 6, 10
10, 14, 18
18, 22, 26
26, 30, 34
34, 38, 42
42, 46, 50
50, 54, 58
58, 62, 66
66, 10, 18
18, 26, 34
34, 42, 50
50, 58, 66
66, 18, 34
69, 70, 68
71, 72, 70
73, 74, 72
75, 76, 74
77, 78, 76
79, 80, 78
81, 82, 80
83, 84, 82
85, 86, 84
87, 88, 86
89, 90, 88
91, 92, 90
93, 94, 92
95, 96, 94
97, 98, 96
99, 100, 98
101, 102, 100
103, 104, 102
105, 106, 104
107, 108, 106
109, 110, 108
111, 112, 110
113, 114, 112
115, 116, 114
117, 118, 116
119, 120, 118
121, 122, 120
123, 124, 122
125, 126, 124
127, 128, 126
105, 89, 73
129, 130, 128
131, 68, 130
98, 114, 130
69, 71, 70
71, 73, 72
73, 75, 74
75, 77, 76
77, 79, 78
79, 81, 80
81, 83, 82
83, 85, 84
85, 87, 86
87, 89, 88
89, 91, 90
91, 93, 92
93, 95, 94
95, 97, 96
97, 99, 98
99, 101, 100
101, 103, 102
103, 105, 104
105, 107, 106
107, 109, 108
109, 111, 110
111, 113, 112
113, 115, 114
115, 117, 116
117, 119, 118
119, 121, 120
121, 123, 122
123, 125, 124
125, 127, 126
127, 129, 128
73, 71, 69
69, 131, 129
129, 127, 125
125, 123, 121
121, 119, 117
117, 115, 113
113, 111, 109
109, 107, 105
105, 103, 101
101, 99, 97
97, 95, 93
93, 91, 89
89, 87, 85
85, 83, 81
81, 79, 77
77, 75, 73
73, 69, 129
129, 125, 121
121, 117, 113
113, 109, 105
105, 101, 97
97, 93, 89
89, 85, 81
81, 77, 73
73, 129, 121
121, 113, 105
105, 97, 89
89, 81, 73
73, 121, 105
129, 131, 130
131, 69, 68
130, 68, 70
70, 72, 74
74, 76, 78
78, 80, 82
82, 84, 86
86, 88, 90
90, 92, 94
94, 96, 98
98, 100, 102
102, 104, 106
106, 108, 110
110, 112, 114
114, 116, 118
118, 120, 122
122, 124, 126
126, 128, 130
130, 70, 74
74, 78, 82
82, 86, 90
90, 94, 98
98, 102, 106
106, 110, 114
114, 118, 122
122, 126, 130
130, 74, 82
82, 90, 98
98, 106, 114
114, 122, 130
130, 82, 98
133, 134, 132
135, 136, 134
137, 138, 136
139, 140, 138
141, 142, 140
143, 144, 142
145, 146, 144
147, 148, 146
149, 150, 148
151, 152, 150
153, 154, 152
155, 156, 154
157, 158, 156
159, 160, 158
161, 162, 160
163, 164, 162
165, 166, 164
167, 168, 166
169, 170, 168
171, 172, 170
173, 174, 172
175, 176, 174
177, 178, 176
179, 180, 178
181, 182, 180
183, 184, 182
185, 186, 184
187, 188, 186
189, 190, 188
191, 192, 190
169, 153, 137
193, 194, 192
195, 132, 194
162, 178, 194
133, 135, 134
135, 137, 136
137, 139, 138
139, 141, 140
141, 143, 142
143, 145, 144
145, 147, 146
147, 149, 148
149, 151, 150
151, 153, 152
153, 155, 154
155, 157, 156
157, 159, 158
159, 161, 160
161, 163, 162
163, 165, 164
165, 167, 166
167, 169, 168
169, 171, 170
171, 173, 172
173, 175, 174
175, 177, 176
177, 179, 178
179, 181, 180
181, 183, 182
183, 185, 184
185, 187, 186
187, 189, 188
189, 191, 190
191, 193, 192
137, 135, 133
133, 195, 193
193, 191, 189
189, 187, 185
185, 183, 181
181, 179, 177
177, 175, 173
173, 171, 169
169, 167, 165
165, 163, 161
161, 159, 157
157, 155, 153
153, 151, 149
149, 147, 145
145, 143, 141
141, 139, 137
137, 133, 193
193, 189, 185
185, 181, 177
177, 173, 169
169, 165, 161
161, 157, 153
153, 149, 145
145, 141, 137
137, 193, 185
185, 177, 169
169, 161, 153
153, 145, 137
137, 185, 169
193, 195, 194
195, 133, 132
194, 132, 134
134, 136, 138
138, 140, 142
142, 144, 146
146, 148, 150
150, 152, 154
154, 156, 158
158, 160, 162
162, 164, 166
166, 168, 170
170, 172, 174
174, 176, 178
178, 180, 182
182, 184, 186
186, 188, 190
190, 192, 194
194, 134, 138
138, 142, 146
146, 150, 154
154, 158, 162
162, 166, 170
170, 174, 178
178, 182, 186
186, 190, 194
194, 138, 146
146, 154, 162
162, 170, 178
178, 186, 194
194, 146, 162
197, 198, 196
199, 200, 198
201, 202, 200
203, 204, 202
205, 206, 204
207, 208, 206
209, 210, 208
211, 212, 210
213, 214, 212
215, 216, 214
217, 218, 216
219, 220, 218
221, 222, 220
223, 224, 222
225, 226, 224
227, 228, 226
229, 230, 228
231, 232, 230
233, 234, 232
235, 236, 234
237, 238, 236
239, 240, 238
241, 242, 240
243, 244, 242
245, 246, 244
247, 248, 246
249, 250, 248
251, 252, 250
253, 254, 252
255, 256, 254
233, 217, 201
257, 258, 256
259, 196, 258
226, 242, 258
197, 199, 198
199, 201, 200
201, 203, 202
203, 205, 204
205, 207, 206
207, 209, 208
209, 211, 210
211, 213, 212
213, 215, 214
215, 217, 216
217, 219, 218
219, 221, 220
221, 223, 222
223, 225, 224
225, 227, 226
227, 229, 228
229, 231, 230
231, 233, 232
233, 235, 234
235, 237, 236
237, 239, 238
239, 241, 240
241, 243, 242
243, 245, 244
245, 247, 246
247, 249, 248
249, 251, 250
251, 253, 252
253, 255, 254
255, 257, 256
201, 199, 197
197, 259, 257
257, 255, 253
253, 251, 249
249, 247, 245
245, 243, 241
241, 239, 237
237, 235, 233
233, 231, 229
229, 227, 225
225, 223, 221
221, 219, 217
217, 215, 213
213, 211, 209
209, 207, 205
205, 203, 201
201, 197, 257
257, 253, 249
249, 245, 241
241, 237, 233
233, 229, 225
225, 221, 217
217, 213, 209
209, 205, 201
201, 257, 249
249, 241, 233
233, 225, 217
217, 209, 201
201, 249, 233
257, 259, 258
259, 197, 196
258, 196, 198
198, 200, 202
202, 204, 206
206, 208, 210
210, 212, 214
214, 216, 218
218, 220, 222
222, 224, 226
226, 228, 230
230, 232, 234
234, 236, 238
238, 240, 242
242, 244, 246
246, 248, 250
250, 252, 254
254, 256, 258
258, 198, 202
202, 206, 210
210, 214, 218
218, 222, 226
226, 230, 234
234, 238, 242
242, 246, 250
250, 254, 258
258, 202, 210
210, 218, 226
226, 234, 242
242, 250, 258
258, 210, 226
261, 262, 260
263, 264, 262
265, 266, 264
267, 268, 266
269, 270, 268
271, 272, 270
273, 274, 272
275, 276, 274
277, 278, 276
279, 280, 278
281, 282, 280
283, 284, 282
285, 286, 284
287, 288, 286
289, 290, 288
291, 292, 290
293, 294, 292
295, 296, 294
297, 298, 296
299, 300, 298
301, 302, 300
303, 304, 302
305, 306, 304
307, 308, 306
309, 310, 308
311, 312, 310
313, 314, 312
315, 316, 314
317, 318, 316
319, 320, 318
297, 281, 265
321, 322, 320
323, 260, 322
290, 306, 322
261, 263, 262
263, 265, 264
265, 267, 266
267, 269, 268
269, 271, 270
271, 273, 272
273, 275, 274
275, 277, 276
277, 279, 278
279, 281, 280
281, 283, 282
283, 285, 284
285, 287, 286
287, 289, 288
289, 291, 290
291, 293, 292
293, 295, 294
295, 297, 296
297, 299, 298
299, 301, 300
301, 303, 302
303, 305, 304
305, 307, 306
307, 309, 308
309, 311, 310
311, 313, 312
313, 315, 314
315, 317, 316
317, 319, 318
319, 321, 320
265, 263, 261
261, 323, 321
321, 319, 317
317, 315, 313
313, 311, 309
309, 307, 305
305, 303, 301
301, 299, 297
297, 295, 293
293, 291, 289
289, 287, 285
285, 283, 281
281, 279, 277
277, 275, 273
273, 271, 269
269, 267, 265
265, 261, 321
321, 317, 313
313, 309, 305
305, 301, 297
297, 293, 289
289, 285, 281
281, 277, 273
273, 269, 265
265, 321, 313
313, 305, 297
297, 289, 281
281, 273, 265
265, 313, 297
321, 323, 322
323, 261, 260
322, 260, 262
262, 264, 266
266, 268, 270
270, 272, 274
274, 276, 278
278, 280, 282
282, 284, 286
286, 288, 290
290, 292, 294
294, 296, 298
298, 300, 302
302, 304, 306
306, 308, 310
310, 312, 314
314, 316, 318
318, 320, 322
322, 262, 266
266, 270, 274
274, 278, 282
282, 286, 290
290, 294, 298
298, 302, 306
306, 310, 314
314, 318, 322
322, 266, 274
274, 282, 290
290, 298, 306
306, 314, 322
322, 274, 290
